##TITLE  cal2
##NAME  mzjj
##SAMPLE  water
##SOLVENT  
##COMMENT  cal2
##Channel  Left
##Time step  0.5
##Scale Factor  50
##x-data  y-data
0.000  19.35237
0.500  19.35178
1.000  19.35306
1.500  19.35390
2.000  19.35194
2.500  19.35454
3.000  19.35437
3.500  19.35246
4.000  19.35414
4.500  19.35251
5.000  19.35300
5.500  19.35474
6.000  19.35344
6.500  19.35573
7.000  19.35450
7.500  19.35295
8.000  19.35567
8.500  19.35519
9.000  19.35623
9.500  19.35514
10.000  19.35547
10.500  19.35500
11.000  19.35580
11.500  19.35372
12.000  19.35543
12.500  19.35538
13.000  19.35650
13.500  19.35554
14.000  19.35598
14.500  19.35563
15.000  19.35634
15.500  19.35668
16.000  19.35426
16.500  19.35569
17.000  19.35664
17.500  19.35422
18.000  19.35562
18.500  19.35742
19.000  19.35558
19.500  19.35497
20.000  19.35649
20.500  19.35534
21.000  19.35481
21.500  19.35670
22.000  19.35957
22.500  19.35727
23.000  19.35743
23.500  19.35577
24.000  19.35679
24.500  19.35487
25.000  19.35716
25.500  19.35807
26.000  19.36641
26.500  19.37324
27.000  19.38037
27.500  19.38891
28.000  19.40022
28.500  19.41400
29.000  19.42723
29.500  19.44384
30.000  19.45449
30.500  19.46970
31.000  19.48380
31.500  19.49713
32.000  19.51246
32.500  19.52971
33.000  19.54192
33.500  19.55588
34.000  19.56851
34.500  19.58226
35.000  19.59533
35.500  19.60906
36.000  19.62349
36.500  19.63746
37.000  19.65310
37.500  19.67004
38.000  19.68627
38.500  19.70200
39.000  19.71433
39.500  19.72627
40.000  19.73853
40.500  19.75617
41.000  19.76908
41.500  19.78669
42.000  19.79797
42.500  19.81346
43.000  19.82462
43.500  19.84293
44.000  19.85462
44.500  19.86969
45.000  19.88555
45.500  19.90015
46.000  19.91071
46.500  19.92593
47.000  19.94067
47.500  19.95596
48.000  19.96955
48.500  19.98254
49.000  19.99747
49.500  20.01311
50.000  20.02624
50.500  20.03853
51.000  20.05045
51.500  20.06576
52.000  20.08046
52.500  20.09516
53.000  20.10973
53.500  20.12403
54.000  20.13787
54.500  20.15241
55.000  20.16769
55.500  20.18229
56.000  20.19334
56.500  20.20872
57.000  20.22118
57.500  20.23200
58.000  20.24614
58.500  20.26126
59.000  20.27695
59.500  20.29094
60.000  20.30308
60.500  20.31909
61.000  20.33194
61.500  20.34590
62.000  20.35919
62.500  20.37659
63.000  20.38934
63.500  20.40426
64.000  20.41605
64.500  20.42963
65.000  20.44271
65.500  20.45491
66.000  20.46827
66.500  20.48215
67.000  20.49957
67.500  20.51379
68.000  20.52917
68.500  20.54391
69.000  20.55602
69.500  20.56840
70.000  20.58304
70.500  20.59869
71.000  20.61375
71.500  20.63074
72.000  20.64428
72.500  20.65559
73.000  20.66923
73.500  20.68405
74.000  20.69735
74.500  20.70963
75.000  20.72389
75.500  20.73825
76.000  20.75300
76.500  20.76663
77.000  20.78133
77.500  20.79495
78.000  20.80717
78.500  20.82159
79.000  20.83406
79.500  20.84848
80.000  20.86474
80.500  20.87710
81.000  20.89139
81.500  20.90578
82.000  20.91883
82.500  20.92902
83.000  20.94240
83.500  20.95548
84.000  20.96812
84.500  20.98328
85.000  20.99807
85.500  21.01092
86.000  21.02614
86.500  21.04102
87.000  21.05564
87.500  21.06770
88.000  21.08109
88.500  21.09659
89.000  21.11011
89.500  21.12413
90.000  21.13845
90.500  21.15219
91.000  21.16454
91.500  21.17653
92.000  21.19130
92.500  21.20457
93.000  21.21865
93.500  21.23203
94.000  21.24501
94.500  21.25883
95.000  21.27635
95.500  21.29149
96.000  21.30656
96.500  21.31875
97.000  21.33128
97.500  21.34453
98.000  21.35894
98.500  21.37187
99.000  21.38565
99.500  21.40031
100.000  21.41173
100.500  21.42706
101.000  21.43838
101.500  21.45161
102.000  21.46849
102.500  21.48610
103.000  21.49893
103.500  21.51002
104.000  21.52672
104.500  21.53836
105.000  21.55096
105.500  21.56909
106.000  21.58128
106.500  21.59489
107.000  21.60952
107.500  21.62235
108.000  21.63825
108.500  21.65008
109.000  21.66468
109.500  21.67616
110.000  21.69130
110.500  21.70620
111.000  21.71722
111.500  21.72927
112.000  21.74290
112.500  21.75800
113.000  21.77077
113.500  21.78615
114.000  21.79960
114.500  21.81239
115.000  21.82575
115.500  21.83869
116.000  21.85272
116.500  21.86606
117.000  21.88201
117.500  21.89784
118.000  21.91132
118.500  21.92414
119.000  21.93770
119.500  21.95132
120.000  21.96457
120.500  21.98024
121.000  21.99374
121.500  22.00776
122.000  22.02085
122.500  22.03193
123.000  22.04616
123.500  22.06167
124.000  22.07509
124.500  22.08897
125.000  22.10335
125.500  22.11668
126.000  22.13092
126.500  22.14508
127.000  22.15811
127.500  22.16989
128.000  22.18217
128.500  22.19602
129.000  22.21095
129.500  22.22439
130.000  22.23702
130.500  22.25030
131.000  22.26322
131.500  22.27813
132.000  22.29073
132.500  22.30325
133.000  22.31555
133.500  22.33029
134.000  22.34534
134.500  22.35960
135.000  22.37286
135.500  22.38931
136.000  22.40370
136.500  22.41764
137.000  22.43208
137.500  22.44401
138.000  22.45618
138.500  22.47069
139.000  22.48539
139.500  22.50217
140.000  22.51495
140.500  22.52631
141.000  22.54019
141.500  22.55292
142.000  22.56583
142.500  22.57964
143.000  22.59331
143.500  22.60436
144.000  22.61920
144.500  22.63219
145.000  22.64532
145.500  22.65460
146.000  22.66171
146.500  22.66764
147.000  22.67200
147.500  22.67359
148.000  22.67476
148.500  22.67593
149.000  22.67592
149.500  22.67547
150.000  22.67435
150.500  22.67271
151.000  22.67375
151.500  22.67388
152.000  22.67213
152.500  22.67279
153.000  22.67059
153.500  22.67088
154.000  22.66933
154.500  22.66931
155.000  22.66841
155.500  22.66686
156.000  22.66757
156.500  22.66699
157.000  22.66668
157.500  22.66643
158.000  22.66475
158.500  22.66453
159.000  22.66398
159.500  22.66394
160.000  22.66361
160.500  22.66264
161.000  22.66247
161.500  22.66198
162.000  22.66098
162.500  22.66101
163.000  22.66084
163.500  22.66044
164.000  22.65997
164.500  22.65939
165.000  22.65917
165.500  22.65830
166.000  22.65843
166.500  22.65742
167.000  22.65687
167.500  22.65681
168.000  22.65589
168.500  22.65560
169.000  22.65517
169.500  22.65630
170.000  22.65571
170.500  22.65507
171.000  22.65441
171.500  22.65400
172.000  22.65363
172.500  22.65365
173.000  22.65366
173.500  22.65213
174.000  22.65294
174.500  22.65275
175.000  22.65184
175.500  22.65115
176.000  22.65155
176.500  22.65070
177.000  22.65080
177.500  22.64979
178.000  22.64996
178.500  22.64997
179.000  22.64927
179.500  22.64926
180.000  22.64945
180.500  22.64885
181.000  22.64797
181.500  22.64862
182.000  22.64709
182.500  22.64771
183.000  22.64758
183.500  22.64689
184.000  22.64632
184.500  22.64688
185.000  22.64638
185.500  22.64650
186.000  22.64601
186.500  22.64631
187.000  22.64540
187.500  22.64495
188.000  22.64518
188.500  22.64418
189.000  22.64452
189.500  22.64382
190.000  22.64373
190.500  22.64322
191.000  22.64360
191.500  22.64285
192.000  22.64169
192.500  22.64246
193.000  22.64202
193.500  22.64187
194.000  22.63906
194.500  22.64245
195.000  22.64254
195.500  22.64016
196.000  22.64073
196.500  22.64194
197.000  22.64020
197.500  22.64114
198.000  22.63827
198.500  22.63952
199.000  22.63858
199.500  22.63803
200.000  22.63934
200.500  22.63841
201.000  22.63800
201.500  22.63944
202.000  22.63754
202.500  22.63707
203.000  22.63589
203.500  22.63674
204.000  22.63817
204.500  22.63720
205.000  22.63695
205.500  22.63534
206.000  22.63653
206.500  22.63543
207.000  22.63593
207.500  22.63673
208.000  22.63610
208.500  22.63533
209.000  22.63422
