##TITLE  ethanol90
##NAME  mzjj
##SAMPLE  90% Ethanol
##SOLVENT  
##COMMENT  
##Channel  Left
##Time step  0.5
##Scale Factor  50
##x-data  y-data
0.000  21.30720
0.500  21.30589
1.000  21.30639
1.500  21.30663
2.000  21.30676
2.500  21.30750
3.000  21.30758
3.500  21.30746
4.000  21.30656
4.500  21.30646
5.000  21.30615
5.500  21.30662
6.000  21.30704
6.500  21.30689
7.000  21.30786
7.500  21.30686
8.000  21.30721
8.500  21.30794
9.000  21.30742
9.500  21.30662
10.000  21.30723
10.500  21.30684
11.000  21.30737
11.500  21.30664
12.000  21.30673
12.500  21.30668
13.000  21.30649
13.500  21.30739
14.000  21.30781
14.500  21.30721
15.000  21.30759
15.500  21.30717
16.000  21.30800
16.500  21.30692
17.000  21.30695
17.500  21.30710
18.000  21.30757
18.500  21.30690
19.000  21.30772
19.500  21.30737
20.000  21.30796
20.500  21.30850
21.000  21.30787
21.500  21.30718
22.000  21.30666
22.500  21.30742
23.000  21.30756
23.500  21.30753
24.000  21.30801
24.500  21.30813
25.000  21.30754
25.500  21.30706
26.000  21.30694
26.500  21.30713
27.000  21.30698
27.500  21.30777
28.000  21.30785
28.500  21.30951
29.000  21.31261
29.500  21.31756
30.000  21.32399
30.500  21.33487
31.000  21.34820
31.500  21.36023
32.000  21.37548
32.500  21.39199
33.000  21.40902
33.500  21.42644
34.000  21.44397
34.500  21.46375
35.000  21.48407
35.500  21.50637
36.000  21.52763
36.500  21.54863
37.000  21.56897
37.500  21.58952
38.000  21.61082
38.500  21.63248
39.000  21.65332
39.500  21.67694
40.000  21.69886
40.500  21.72189
41.000  21.74025
41.500  21.76915
42.000  21.79568
42.500  21.82026
43.000  21.84246
43.500  21.86830
44.000  21.89594
44.500  21.91945
45.000  21.94456
45.500  21.96618
46.000  21.98602
46.500  22.01029
47.000  22.03218
47.500  22.05135
48.000  22.07316
48.500  22.09542
49.000  22.11440
49.500  22.13664
50.000  22.16153
50.500  22.18149
51.000  22.20196
51.500  22.22498
52.000  22.24832
52.500  22.27397
53.000  22.29573
53.500  22.32238
54.000  22.34642
54.500  22.37136
55.000  22.39604
55.500  22.41702
56.000  22.43624
56.500  22.45810
57.000  22.47965
57.500  22.50300
58.000  22.52642
58.500  22.55121
59.000  22.57722
59.500  22.60211
60.000  22.62808
60.500  22.64837
61.000  22.66656
61.500  22.68994
62.000  22.71237
62.500  22.73693
63.000  22.75828
63.500  22.77650
64.000  22.79651
64.500  22.81642
65.000  22.83249
65.500  22.85041
66.000  22.86709
66.500  22.88875
67.000  22.91065
67.500  22.93508
68.000  22.96124
68.500  22.98427
69.000  23.00383
69.500  23.02759
70.000  23.04902
70.500  23.06984
71.000  23.09201
71.500  23.11854
72.000  23.13973
72.500  23.15809
73.000  23.17925
73.500  23.19907
74.000  23.22154
74.500  23.24513
75.000  23.26806
75.500  23.28719
76.000  23.30970
76.500  23.33467
77.000  23.35890
77.500  23.38333
78.000  23.40650
78.500  23.42822
79.000  23.44933
79.500  23.47188
80.000  23.49315
80.500  23.51958
81.000  23.54105
81.500  23.56010
82.000  23.57853
82.500  23.60249
83.000  23.62567
83.500  23.64403
84.000  23.66559
84.500  23.68939
85.000  23.71362
85.500  23.73541
86.000  23.75637
86.500  23.77863
87.000  23.80054
87.500  23.82122
88.000  23.84157
88.500  23.86387
89.000  23.88138
89.500  23.90424
90.000  23.92201
90.500  23.93728
91.000  23.95734
91.500  23.97394
92.000  23.99309
92.500  24.01321
93.000  24.03569
93.500  24.05788
94.000  24.08277
94.500  24.10958
95.000  24.13488
95.500  24.15421
96.000  24.17592
96.500  24.19522
97.000  24.21820
97.500  24.23949
98.000  24.25954
98.500  24.28236
99.000  24.30472
99.500  24.32525
100.000  24.34985
100.500  24.37250
101.000  24.39423
101.500  24.42064
102.000  24.44531
102.500  24.46331
103.000  24.48308
103.500  24.50440
104.000  24.52883
104.500  24.55018
105.000  24.56784
105.500  24.58266
106.000  24.60276
106.500  24.62607
107.000  24.65211
107.500  24.67126
108.000  24.69083
108.500  24.70705
109.000  24.72522
109.500  24.74312
110.000  24.76403
110.500  24.78555
111.000  24.81090
111.500  24.83630
112.000  24.86032
112.500  24.88572
113.000  24.90658
113.500  24.92959
114.000  24.94777
114.500  24.96354
115.000  24.98494
115.500  25.00679
116.000  25.02900
116.500  25.04962
117.000  25.07434
117.500  25.09693
118.000  25.11642
118.500  25.13587
119.000  25.15125
119.500  25.16948
120.000  25.19008
120.500  25.20909
121.000  25.22866
121.500  25.25052
122.000  25.27605
122.500  25.29762
123.000  25.32034
123.500  25.34259
124.000  25.36702
124.500  25.38913
125.000  25.41195
125.500  25.43119
126.000  25.45614
126.500  25.47721
127.000  25.49732
127.500  25.52113
128.000  25.54028
128.500  25.56126
129.000  25.58191
129.500  25.60263
130.000  25.62430
130.500  25.64793
131.000  25.66666
131.500  25.68671
132.000  25.71231
132.500  25.73307
133.000  25.75090
133.500  25.77086
134.000  25.78904
134.500  25.81039
135.000  25.82943
135.500  25.85283
136.000  25.87806
136.500  25.90067
137.000  25.91944
137.500  25.93930
138.000  25.95705
138.500  25.97600
139.000  26.00064
139.500  26.02341
140.000  26.04908
140.500  26.07035
141.000  26.09327
141.500  26.10836
142.000  26.12722
142.500  26.14636
143.000  26.17040
143.500  26.19059
144.000  26.20997
144.500  26.22926
145.000  26.24799
145.500  26.26630
146.000  26.28541
146.500  26.30166
147.000  26.32225
147.500  26.34309
148.000  26.36564
148.500  26.38360
149.000  26.39869
149.500  26.41456
150.000  26.43041
150.500  26.44248
151.000  26.45340
151.500  26.46266
152.000  26.47400
152.500  26.48098
153.000  26.48521
153.500  26.48982
154.000  26.49392
154.500  26.49528
155.000  26.49653
155.500  26.49834
156.000  26.50025
156.500  26.50031
157.000  26.49950
157.500  26.49795
158.000  26.49660
158.500  26.49452
159.000  26.49127
159.500  26.48953
160.000  26.48733
160.500  26.48552
161.000  26.48423
161.500  26.48154
162.000  26.47858
162.500  26.47682
163.000  26.47553
163.500  26.47364
164.000  26.47188
164.500  26.46876
165.000  26.46705
165.500  26.46707
166.000  26.46513
166.500  26.46300
167.000  26.46259
167.500  26.46134
168.000  26.46032
168.500  26.45863
169.000  26.45622
169.500  26.45428
170.000  26.45192
170.500  26.45053
171.000  26.44907
171.500  26.44784
172.000  26.44665
172.500  26.44573
173.000  26.44538
173.500  26.44445
174.000  26.44331
174.500  26.44198
175.000  26.44156
175.500  26.44027
176.000  26.43938
176.500  26.43941
177.000  26.43837
177.500  26.43748
178.000  26.43688
178.500  26.43559
179.000  26.43516
179.500  26.43380
180.000  26.43180
180.500  26.43186
181.000  26.43059
181.500  26.43018
182.000  26.42949
182.500  26.42861
183.000  26.42793
183.500  26.42619
184.000  26.42430
184.500  26.42357
185.000  26.42214
185.500  26.42049
186.000  26.42086
186.500  26.41923
187.000  26.41905
187.500  26.41794
188.000  26.41674
188.500  26.41479
189.000  26.41370
189.500  26.41234
190.000  26.41095
190.500  26.40881
191.000  26.40671
191.500  26.40525
192.000  26.40377
192.500  26.40267
193.000  26.40083
193.500  26.39960
194.000  26.39914
194.500  26.39894
195.000  26.39824
195.500  26.39809
196.000  26.39821
196.500  26.39800
197.000  26.39797
197.500  26.39857
198.000  26.39811
198.500  26.39731
199.000  26.39693
199.500  26.39525
200.000  26.39461
200.500  26.39356
201.000  26.39100
201.500  26.38996
202.000  26.38819
202.500  26.38712
203.000  26.38637
203.500  26.38522
204.000  26.38400
204.500  26.38263
205.000  26.38189
205.500  26.38273
206.000  26.38224
206.500  26.38077
207.000  26.38065
207.500  26.38083
208.000  26.37980
208.500  26.38049
209.000  26.37974
209.500  26.37957
210.000  26.37895
210.500  26.37889
211.000  26.37951
211.500  26.37899
212.000  26.37967
212.500  26.37891
213.000  26.37882
213.500  26.37728
214.000  26.37849
214.500  26.37790
215.000  26.37573
215.500  26.37486
216.000  26.37517
216.500  26.37387
217.000  26.37310
217.500  26.37229
218.000  26.37102
218.500  26.36892
219.000  26.36864
219.500  26.36748
220.000  26.36603
220.500  26.36359
221.000  26.36125
221.500  26.36157
222.000  26.36160
222.500  26.36163
223.000  26.36147
223.500  26.36080
224.000  26.36038
224.500  26.35914
225.000  26.35823
225.500  26.35849
226.000  26.35977
226.500  26.35911
227.000  26.35907
227.500  26.35857
228.000  26.35809
228.500  26.35705
229.000  26.35563
229.500  26.35575
230.000  26.35545
230.500  26.35362
231.000  26.35405
231.500  26.35232
232.000  26.35134
232.500  26.35066
233.000  26.34981
233.500  26.34929
234.000  26.34906
234.500  26.34959
235.000  26.34948
